$ANSIBLE_VAULT;1.1;AES256
63646562353330356562383538376665386361633533613437646631326639613338636361313166
3934313034386431303866623135613964343361623031650a396632326436326139623832376166
33393235653433323965396430623737313233636632363461613831613066343064333034383438
3237333963353237380a656564326236303639623032313335336431613536663537396438616234
63393164356665633934346438663266306663303038383664333633316561373836316431333835
37373062666666653039616433386362353562353939313564636466653635613939666134623334
30646332623432363435653939633462383937636165646434666361373765306565383138303662
33346137316133636232313865656337653930363033643732353735383133356366363633623864
66623961366138336266643834303064366363303838373136653938306532373466366165303133
31373461323763663263396363343532376333613937646266303534346238333935643732306130
38626236313137376362323465636161366364616633663333613162353835626131623035376432
65303536353634386366643530366566396462316338663230393966383239313766356237616332
33396365356335306139303537643466303863396462396637623164393638316232623339633933
38343137313664623661396335363738626537613631323239383139393162393338336262343361
35366631386664383935353630363836376563636663343836636639386532353830663732313439
32653538373637373937633363333364626438633936326535393564643335653532643637393630
62613830363937393336323039383139333333303365323164303162323835623930373464383563
30393464646566336162626361363938373838626331346436343137346232383363666433613937
35356638653431333966326661323262313635316265326533306665376634623539383831643839
66666132653463303937626138313432623065353235346565333636313335626261636232646639
66623964323930656563323938323832626666393539333331653735663762626665396163656139
31363739336432353066613866663962623837626136616539333233383138646561363036303062
37633031623265663664613237303865393639373330656539616530333862646565336334663831
66333464323364343235373837346535623063323061336238366163343865336331633361336664
31336238303338323161663133616631643335373138303333323661643562663136613234666166
36323862386666356135373334613132353333306366306534393361616465396531386535633234
66633738366264376366663465623132343435366531613463663730663964323764383033353061
36323835613733373931306665626561336165333539313765666334643862356436323032616163
38303665353039313330393837646166613863613632363534356139326439323234
